{
 "cells": [
  {
   "cell_type": "code",
   "execution_count": 1,
   "metadata": {},
   "outputs": [],
   "source": [
    "import numpy as np\n"
   ]
  },
  {
   "cell_type": "code",
   "execution_count": 2,
   "metadata": {},
   "outputs": [],
   "source": [
    "\n",
    "\n",
    "SK = {\n",
    "    ('s', 's'): lambda l, m, n, V: V['ss'],\n",
    "    ('s', 'px'): lambda l, m, n, V:  l * V['sp'],\n",
    "    ('px', 's'): lambda l, m, n, V: -l * V['sp'],\n",
    "\n",
    "    ('s', 'py'): lambda l, m, n, V:  m * V['sp'],\n",
    "    ('py', 's'): lambda l, m, n, V: -m * V['sp'],\n",
    "\n",
    "    ('s', 'pz'): lambda l, m, n, V:  n * V['sp'],\n",
    "    ('pz', 's'): lambda l, m, n, V: -n * V['sp'],\n",
    "\n",
    "    ('px', 'px'): lambda l, m, n, V: l**2 * V['pp_sigma'] + (1 - l**2) * V['pp_pi'],\n",
    "    ('py', 'py'): lambda l, m, n, V: m**2 * V['pp_sigma'] + (1 - m**2) * V['pp_pi'],\n",
    "    ('pz', 'pz'): lambda l, m, n, V: n**2 * V['pp_sigma'] + (1 - n**2) * V['pp_pi'],\n",
    "\n",
    "    ('px', 'py'): lambda l, m, n, V: l * m * (V['pp_sigma'] - V['pp_pi']),\n",
    "    ('px', 'pz'): lambda l, m, n, V: l * n * (V['pp_sigma'] - V['pp_pi']),\n",
    "    ('py', 'pz'): lambda l, m, n, V: m * n * (V['pp_sigma'] - V['pp_pi']),\n",
    "\n",
    "    ('py', 'px'): lambda l, m, n, V: l * m * (V['pp_sigma'] - V['pp_pi']),\n",
    "    ('pz', 'px'): lambda l, m, n, V: l * n * (V['pp_sigma'] - V['pp_pi']),\n",
    "    ('pz', 'py'): lambda l, m, n, V: m * n * (V['pp_sigma'] - V['pp_pi']),\n",
    "}\n",
    "\n",
    "Vss = -8.13\n",
    "Vsp = 5.88\n",
    "Vxx=1.71\n",
    "Vxy=7.51\n",
    "\n",
    "V_ss_sigma = Vss / 4\n",
    "V_sp_sigma = np.sqrt(3) / 4 * Vsp\n",
    "diff1 = Vxx - Vxy\n",
    "diff2 = Vxx\n",
    "V_pp_pi = diff1 / 4\n",
    "V_pp_sigma = (Vxy + 4 * V_pp_pi /3) * 3 / 4\n",
    "a=1\n",
    "\n",
    "Es,Ep =  -4.03, 3.17\n",
    "E = {'s': Es, 'px': Ep, 'py': Ep, 'pz': Ep}\n",
    "V = {\n",
    "    'ss': V_ss_sigma,\n",
    "    'sp': V_sp_sigma,\n",
    "    'pp_sigma': V_pp_sigma,\n",
    "    'pp_pi': V_pp_pi\n",
    "}\n",
    "\n",
    "distance = np.sqrt(3)/4\n",
    "base_angle = np.sqrt(1/3)\n",
    "unitCellDict = {\n",
    "    (0.0, 0.0, 0.0): [ \n",
    "        {\"neighbor_position\": (0.25, 0.25, 0.25), \n",
    "         \"delta\": (0.25, 0.25, 0.25),\n",
    "         \"distance\": distance,\n",
    "         \"l\":  base_angle, \"m\":  base_angle, \"n\":  base_angle},\n",
    "        {\"neighbor_position\": (0.25, -0.25, -0.25), \n",
    "         \"delta\": (0.25, -0.25, -0.25),\n",
    "         \"distance\": distance,\n",
    "         \"l\":  base_angle, \"m\": -base_angle, \"n\": -base_angle},\n",
    "        {\"neighbor_position\": (-0.25, 0.25, -0.25), \n",
    "         \"delta\": (-0.25, 0.25, -0.25),\n",
    "         \"distance\": distance,\n",
    "         \"l\": -base_angle, \"m\":  base_angle, \"n\": -base_angle},\n",
    "        {\"neighbor_position\": (-0.25, -0.25, 0.25), \n",
    "         \"delta\": (-0.25, -0.25, 0.25),\n",
    "         \"distance\": distance,\n",
    "         \"l\": -base_angle, \"m\": -base_angle, \"n\":  base_angle},\n",
    "    ],\n",
    "    (0.25, 0.25, 0.25): [\n",
    "        {\"neighbor_position\": (0.0, 0.0, 0.0), \n",
    "         \"delta\": (-0.25, -0.25, -0.25),\n",
    "         \"distance\": distance,\n",
    "         \"l\": -base_angle, \"m\": -base_angle, \"n\": -base_angle},\n",
    "        {\"neighbor_position\": (0.0, 0.5, 0.5), \n",
    "         \"delta\": (-0.25, 0.25, 0.25),\n",
    "         \"distance\": distance,\n",
    "         \"l\": -base_angle, \"m\":  base_angle, \"n\":  base_angle},\n",
    "        {\"neighbor_position\": (0.5, 0.0, 0.5), \n",
    "         \"delta\": (0.25, -0.25, 0.25),\n",
    "         \"distance\": distance,\n",
    "         \"l\":  base_angle, \"m\": -base_angle, \"n\":  base_angle},\n",
    "        {\"neighbor_position\": (0.5, 0.5, 0.0), \n",
    "         \"delta\": (0.25, 0.25, -0.25),\n",
    "         \"distance\": distance,\n",
    "         \"l\":  base_angle, \"m\":  base_angle, \"n\": -base_angle},\n",
    "    ]\n",
    "}"
   ]
  },
  {
   "cell_type": "code",
   "execution_count": 3,
   "metadata": {},
   "outputs": [],
   "source": [
    "\n",
    "def create_bulk_tight_binding(k,a=1.0, tol=0.2):\n",
    "    \"\"\"\n",
    "    builds tight binding hamiltonian \n",
    "    \"\"\"\n",
    "    kx, ky, kz = k\n",
    "    orbitals = ['s', 'px', 'py', 'pz']\n",
    "    num_orb = len(orbitals)\n",
    "    # 8total atoms\n",
    "    H = np.zeros((8, 8), dtype=complex)\n",
    "    atoms = sorted(unitCellDict.keys()) \n",
    "    \n",
    "    # On-site energies\n",
    "    for atom_index, atom_pos in enumerate(atoms):\n",
    "        for orb_index, orb in enumerate(orbitals):\n",
    "            i = atom_index * num_orb + orb_index\n",
    "            H[i, i] = E[orb]\n",
    "            \"\"\"if (i == 1 or i == 5):\n",
    "                H[i,i] += 1.46 * np.cos(k[1]) * np.cos(k[2])\"\"\" # second nearest corrections\n",
    "    \n",
    "    # Hopping terms\n",
    "    for atom_index, atom_pos in enumerate(atoms):\n",
    "        #print(\"atom: \", atom_index)\n",
    "        home_pos = np.array(atom_pos)\n",
    "        neighbors = unitCellDict[atom_pos]\n",
    "        \n",
    "        for orb_index, orb in enumerate(orbitals):\n",
    "            #print(\"orbindex: \", orb_index)\n",
    "            i = atom_index * num_orb + orb_index\n",
    "            \n",
    "            for neighbor_index, neighbor in enumerate(neighbors):\n",
    "                #print(\"neighbor \", neighbor_index, \" of atom\", atom_index)\n",
    "                delta = np.array(neighbor[\"delta\"])\n",
    "                T = delta\n",
    "                phase = np.exp(1j * (kx*T[0] + ky*T[1] + kz*T[2])) \n",
    "\n",
    "                \n",
    "                # direction cosines\n",
    "                l_val = neighbor[\"l\"]\n",
    "                m_val = neighbor[\"m\"]\n",
    "                n_val = neighbor[\"n\"]\n",
    "                \n",
    "                neighbor_atom_index = 1 if atom_index == 0 else 0\n",
    "                \n",
    "                # sum over all orbitals on the neighbor atom\n",
    "                for sec_orb_index, sec_orb in enumerate(orbitals):\n",
    "                    #print(\"orbit: \", sec_orb_index, \" of neighbor\", neighbor_index)\n",
    "                    j = neighbor_atom_index * num_orb + sec_orb_index\n",
    "                    #print(i,j)\n",
    "                    hop = SK[(orb, sec_orb)](l_val, m_val, n_val, V)\n",
    "                        \n",
    "                    H[i, j] += hop * phase\n",
    "                    \n",
    "\n",
    "    dagger = lambda A: np.conjugate(A.T)\n",
    "    if not np.allclose(H, dagger(H)):\n",
    "        print(\"H isnt Hermitian\")\n",
    "        \n",
    "\n",
    "    eigvals = np.linalg.eigvalsh(H)\n",
    "    eigvals.sort()\n",
    "    return eigvals, H"
   ]
  },
  {
   "cell_type": "code",
   "execution_count": 5,
   "metadata": {},
   "outputs": [
    {
     "name": "stdout",
     "output_type": "stream",
     "text": [
      "[[-4.03      +0.j          0.        +0.j          0.        +0.j\n",
      "   0.        +0.j         -2.87438907+2.87438907j -2.07889394+2.07889394j\n",
      "  -2.07889394+2.07889394j -2.07889394+2.07889394j]\n",
      " [ 0.        +0.j          3.17      +0.j          0.        +0.j\n",
      "   0.        +0.j          2.07889394-2.07889394j  0.6045763 -0.6045763j\n",
      "  -2.65518596+2.65518596j -2.65518596+2.65518596j]\n",
      " [ 0.        +0.j          0.        +0.j          3.17      +0.j\n",
      "   0.        +0.j          2.07889394-2.07889394j -2.65518596+2.65518596j\n",
      "   0.6045763 -0.6045763j  -2.65518596+2.65518596j]\n",
      " [ 0.        +0.j          0.        +0.j          0.        +0.j\n",
      "   3.17      +0.j          2.07889394-2.07889394j -2.65518596+2.65518596j\n",
      "  -2.65518596+2.65518596j  0.6045763 -0.6045763j ]\n",
      " [-2.87438907-2.87438907j  2.07889394+2.07889394j  2.07889394+2.07889394j\n",
      "   2.07889394+2.07889394j -4.03      +0.j          0.        +0.j\n",
      "   0.        +0.j          0.        +0.j        ]\n",
      " [-2.07889394-2.07889394j  0.6045763 +0.6045763j  -2.65518596-2.65518596j\n",
      "  -2.65518596-2.65518596j  0.        +0.j          3.17      +0.j\n",
      "   0.        +0.j          0.        +0.j        ]\n",
      " [-2.07889394-2.07889394j -2.65518596-2.65518596j  0.6045763 +0.6045763j\n",
      "  -2.65518596-2.65518596j  0.        +0.j          0.        +0.j\n",
      "   3.17      +0.j          0.        +0.j        ]\n",
      " [-2.07889394-2.07889394j -2.65518596-2.65518596j -2.65518596-2.65518596j\n",
      "   0.6045763 +0.6045763j   0.        +0.j          0.        +0.j\n",
      "   0.        +0.j          3.17      +0.j        ]]\n",
      "[[-4.03      +0.j          0.        +0.j          0.        +0.j\n",
      "   0.        +0.j         -3.01087717+2.74002808j -2.04497405+2.11024952j\n",
      "  -2.04497405+2.11024952j -2.04497405+2.11024952j]\n",
      " [ 0.        +0.j          3.17      +0.j          0.        +0.j\n",
      "   0.        +0.j          2.04497405-2.11024952j  0.63328413-0.57631587j\n",
      "  -2.61186312+2.69523366j -2.61186312+2.69523366j]\n",
      " [ 0.        +0.j          0.        +0.j          3.17      +0.j\n",
      "   0.        +0.j          2.04497405-2.11024952j -2.61186312+2.69523366j\n",
      "   0.63328413-0.57631587j -2.61186312+2.69523366j]\n",
      " [ 0.        +0.j          0.        +0.j          0.        +0.j\n",
      "   3.17      +0.j          2.04497405-2.11024952j -2.61186312+2.69523366j\n",
      "  -2.61186312+2.69523366j  0.63328413-0.57631587j]\n",
      " [-3.01087717-2.74002808j  2.04497405+2.11024952j  2.04497405+2.11024952j\n",
      "   2.04497405+2.11024952j -4.03      +0.j          0.        +0.j\n",
      "   0.        +0.j          0.        +0.j        ]\n",
      " [-2.04497405-2.11024952j  0.63328413+0.57631587j -2.61186312-2.69523366j\n",
      "  -2.61186312-2.69523366j  0.        +0.j          3.17      +0.j\n",
      "   0.        +0.j          0.        +0.j        ]\n",
      " [-2.04497405-2.11024952j -2.61186312-2.69523366j  0.63328413+0.57631587j\n",
      "  -2.61186312-2.69523366j  0.        +0.j          0.        +0.j\n",
      "   3.17      +0.j          0.        +0.j        ]\n",
      " [-2.04497405-2.11024952j -2.61186312-2.69523366j -2.61186312-2.69523366j\n",
      "   0.63328413+0.57631587j  0.        +0.j          0.        +0.j\n",
      "   0.        +0.j          3.17      +0.j        ]]\n",
      "[[-4.03      +0.j          0.        +0.j          0.        +0.j\n",
      "   0.        +0.j         -3.14932195+2.60795781j -2.00859715+2.13893871j\n",
      "  -2.00859715+2.13893871j -2.00859715+2.13893871j]\n",
      " [ 0.        +0.j          3.17      +0.j          0.        +0.j\n",
      "   0.        +0.j          2.00859715-2.13893871j  0.66240351-0.54853725j\n",
      "  -2.56540214+2.7318758j  -2.56540214+2.7318758j ]\n",
      " [ 0.        +0.j          0.        +0.j          3.17      +0.j\n",
      "   0.        +0.j          2.00859715-2.13893871j -2.56540214+2.7318758j\n",
      "   0.66240351-0.54853725j -2.56540214+2.7318758j ]\n",
      " [ 0.        +0.j          0.        +0.j          0.        +0.j\n",
      "   3.17      +0.j          2.00859715-2.13893871j -2.56540214+2.7318758j\n",
      "  -2.56540214+2.7318758j   0.66240351-0.54853725j]\n",
      " [-3.14932195-2.60795781j  2.00859715+2.13893871j  2.00859715+2.13893871j\n",
      "   2.00859715+2.13893871j -4.03      +0.j          0.        +0.j\n",
      "   0.        +0.j          0.        +0.j        ]\n",
      " [-2.00859715-2.13893871j  0.66240351+0.54853725j -2.56540214-2.7318758j\n",
      "  -2.56540214-2.7318758j   0.        +0.j          3.17      +0.j\n",
      "   0.        +0.j          0.        +0.j        ]\n",
      " [-2.00859715-2.13893871j -2.56540214-2.7318758j   0.66240351+0.54853725j\n",
      "  -2.56540214-2.7318758j   0.        +0.j          0.        +0.j\n",
      "   3.17      +0.j          0.        +0.j        ]\n",
      " [-2.00859715-2.13893871j -2.56540214-2.7318758j  -2.56540214-2.7318758j\n",
      "   0.66240351+0.54853725j  0.        +0.j          0.        +0.j\n",
      "   0.        +0.j          3.17      +0.j        ]]\n",
      "[[-4.03      +0.j          0.        +0.j          0.        +0.j\n",
      "   0.        +0.j         -3.28954649+2.47833473j -1.96987544+2.16486484j\n",
      "  -1.96987544+2.16486484j -1.96987544+2.16486484j]\n",
      " [ 0.        +0.j          3.17      +0.j          0.        +0.j\n",
      "   0.        +0.j          1.96987544-2.16486484j  0.69189723-0.52127336j\n",
      "  -2.51594635+2.76498894j -2.51594635+2.76498894j]\n",
      " [ 0.        +0.j          0.        +0.j          3.17      +0.j\n",
      "   0.        +0.j          1.96987544-2.16486484j -2.51594635+2.76498894j\n",
      "   0.69189723-0.52127336j -2.51594635+2.76498894j]\n",
      " [ 0.        +0.j          0.        +0.j          0.        +0.j\n",
      "   3.17      +0.j          1.96987544-2.16486484j -2.51594635+2.76498894j\n",
      "  -2.51594635+2.76498894j  0.69189723-0.52127336j]\n",
      " [-3.28954649-2.47833473j  1.96987544+2.16486484j  1.96987544+2.16486484j\n",
      "   1.96987544+2.16486484j -4.03      +0.j          0.        +0.j\n",
      "   0.        +0.j          0.        +0.j        ]\n",
      " [-1.96987544-2.16486484j  0.69189723+0.52127336j -2.51594635-2.76498894j\n",
      "  -2.51594635-2.76498894j  0.        +0.j          3.17      +0.j\n",
      "   0.        +0.j          0.        +0.j        ]\n",
      " [-1.96987544-2.16486484j -2.51594635-2.76498894j  0.69189723+0.52127336j\n",
      "  -2.51594635-2.76498894j  0.        +0.j          0.        +0.j\n",
      "   3.17      +0.j          0.        +0.j        ]\n",
      " [-1.96987544-2.16486484j -2.51594635-2.76498894j -2.51594635-2.76498894j\n",
      "   0.69189723+0.52127336j  0.        +0.j          0.        +0.j\n",
      "   0.        +0.j          3.17      +0.j        ]]\n",
      "[[-4.03      +0.j          0.        +0.j          0.        +0.j\n",
      "   0.        +0.j         -3.43136778+2.35130783j -1.92892584+2.18793689j\n",
      "  -1.92892584+2.18793689j -1.92892584+2.18793689j]\n",
      " [ 0.        +0.j          3.17      +0.j          0.        +0.j\n",
      "   0.        +0.j          1.92892584-2.18793689j  0.7217268 -0.49455552j\n",
      "  -2.46364508+2.79445681j -2.46364508+2.79445681j]\n",
      " [ 0.        +0.j          0.        +0.j          3.17      +0.j\n",
      "   0.        +0.j          1.92892584-2.18793689j -2.46364508+2.79445681j\n",
      "   0.7217268 -0.49455552j -2.46364508+2.79445681j]\n",
      " [ 0.        +0.j          0.        +0.j          0.        +0.j\n",
      "   3.17      +0.j          1.92892584-2.18793689j -2.46364508+2.79445681j\n",
      "  -2.46364508+2.79445681j  0.7217268 -0.49455552j]\n",
      " [-3.43136778-2.35130783j  1.92892584+2.18793689j  1.92892584+2.18793689j\n",
      "   1.92892584+2.18793689j -4.03      +0.j          0.        +0.j\n",
      "   0.        +0.j          0.        +0.j        ]\n",
      " [-1.92892584-2.18793689j  0.7217268 +0.49455552j -2.46364508-2.79445681j\n",
      "  -2.46364508-2.79445681j  0.        +0.j          3.17      +0.j\n",
      "   0.        +0.j          0.        +0.j        ]\n",
      " [-1.92892584-2.18793689j -2.46364508-2.79445681j  0.7217268 +0.49455552j\n",
      "  -2.46364508-2.79445681j  0.        +0.j          0.        +0.j\n",
      "   3.17      +0.j          0.        +0.j        ]\n",
      " [-1.92892584-2.18793689j -2.46364508-2.79445681j -2.46364508-2.79445681j\n",
      "   0.7217268 +0.49455552j  0.        +0.j          0.        +0.j\n",
      "   0.        +0.j          3.17      +0.j        ]]\n",
      "[[-4.03      +0.j          0.        +0.j          0.        +0.j\n",
      "   0.        +0.j         -3.57459704+2.22701834j -1.88586966+2.20806967j\n",
      "  -1.88586966+2.20806967j -1.88586966+2.20806967j]\n",
      " [ 0.        +0.j          3.17      +0.j          0.        +0.j\n",
      "   0.        +0.j          1.88586966-2.20806967j  0.75185251-0.46841345j\n",
      "  -2.40865326+2.82017062j -2.40865326+2.82017062j]\n",
      " [ 0.        +0.j          0.        +0.j          3.17      +0.j\n",
      "   0.        +0.j          1.88586966-2.20806967j -2.40865326+2.82017062j\n",
      "   0.75185251-0.46841345j -2.40865326+2.82017062j]\n",
      " [ 0.        +0.j          0.        +0.j          0.        +0.j\n",
      "   3.17      +0.j          1.88586966-2.20806967j -2.40865326+2.82017062j\n",
      "  -2.40865326+2.82017062j  0.75185251-0.46841345j]\n",
      " [-3.57459704-2.22701834j  1.88586966+2.20806967j  1.88586966+2.20806967j\n",
      "   1.88586966+2.20806967j -4.03      +0.j          0.        +0.j\n",
      "   0.        +0.j          0.        +0.j        ]\n",
      " [-1.88586966-2.20806967j  0.75185251+0.46841345j -2.40865326-2.82017062j\n",
      "  -2.40865326-2.82017062j  0.        +0.j          3.17      +0.j\n",
      "   0.        +0.j          0.        +0.j        ]\n",
      " [-1.88586966-2.20806967j -2.40865326-2.82017062j  0.75185251+0.46841345j\n",
      "  -2.40865326-2.82017062j  0.        +0.j          0.        +0.j\n",
      "   3.17      +0.j          0.        +0.j        ]\n",
      " [-1.88586966-2.20806967j -2.40865326-2.82017062j -2.40865326-2.82017062j\n",
      "   0.75185251+0.46841345j  0.        +0.j          0.        +0.j\n",
      "   0.        +0.j          3.17      +0.j        ]]\n",
      "[[-4.03      +0.j          0.        +0.j          0.        +0.j\n",
      "   0.        +0.j         -3.71904016+2.10559945j -1.84083237+2.22518408j\n",
      "  -1.84083237+2.22518408j -1.84083237+2.22518408j]\n",
      " [ 0.        +0.j          3.17      +0.j          0.        +0.j\n",
      "   0.        +0.j          1.84083237-2.22518408j  0.78223354-0.44287516j\n",
      "  -2.35113114+2.84202933j -2.35113114+2.84202933j]\n",
      " [ 0.        +0.j          0.        +0.j          3.17      +0.j\n",
      "   0.        +0.j          1.84083237-2.22518408j -2.35113114+2.84202933j\n",
      "   0.78223354-0.44287516j -2.35113114+2.84202933j]\n",
      " [ 0.        +0.j          0.        +0.j          0.        +0.j\n",
      "   3.17      +0.j          1.84083237-2.22518408j -2.35113114+2.84202933j\n",
      "  -2.35113114+2.84202933j  0.78223354-0.44287516j]\n",
      " [-3.71904016-2.10559945j  1.84083237+2.22518408j  1.84083237+2.22518408j\n",
      "   1.84083237+2.22518408j -4.03      +0.j          0.        +0.j\n",
      "   0.        +0.j          0.        +0.j        ]\n",
      " [-1.84083237-2.22518408j  0.78223354+0.44287516j -2.35113114-2.84202933j\n",
      "  -2.35113114-2.84202933j  0.        +0.j          3.17      +0.j\n",
      "   0.        +0.j          0.        +0.j        ]\n",
      " [-1.84083237-2.22518408j -2.35113114-2.84202933j  0.78223354+0.44287516j\n",
      "  -2.35113114-2.84202933j  0.        +0.j          0.        +0.j\n",
      "   3.17      +0.j          0.        +0.j        ]\n",
      " [-1.84083237-2.22518408j -2.35113114-2.84202933j -2.35113114-2.84202933j\n",
      "   0.78223354+0.44287516j  0.        +0.j          0.        +0.j\n",
      "   0.        +0.j          3.17      +0.j        ]]\n",
      "[[-4.03      +0.j          0.        +0.j          0.        +0.j\n",
      "   0.        +0.j         -3.86449805+1.98717605j -1.79394328+2.23920724j\n",
      "  -1.79394328+2.23920724j -1.79394328+2.23920724j]\n",
      " [ 0.        +0.j          3.17      +0.j          0.        +0.j\n",
      "   0.        +0.j          1.79394328-2.23920724j  0.812828  -0.41796692j\n",
      "  -2.29124388+2.85993986j -2.29124388+2.85993986j]\n",
      " [ 0.        +0.j          0.        +0.j          3.17      +0.j\n",
      "   0.        +0.j          1.79394328-2.23920724j -2.29124388+2.85993986j\n",
      "   0.812828  -0.41796692j -2.29124388+2.85993986j]\n",
      " [ 0.        +0.j          0.        +0.j          0.        +0.j\n",
      "   3.17      +0.j          1.79394328-2.23920724j -2.29124388+2.85993986j\n",
      "  -2.29124388+2.85993986j  0.812828  -0.41796692j]\n",
      " [-3.86449805-1.98717605j  1.79394328+2.23920724j  1.79394328+2.23920724j\n",
      "   1.79394328+2.23920724j -4.03      +0.j          0.        +0.j\n",
      "   0.        +0.j          0.        +0.j        ]\n",
      " [-1.79394328-2.23920724j  0.812828  +0.41796692j -2.29124388-2.85993986j\n",
      "  -2.29124388-2.85993986j  0.        +0.j          3.17      +0.j\n",
      "   0.        +0.j          0.        +0.j        ]\n",
      " [-1.79394328-2.23920724j -2.29124388-2.85993986j  0.812828  +0.41796692j\n",
      "  -2.29124388-2.85993986j  0.        +0.j          0.        +0.j\n",
      "   3.17      +0.j          0.        +0.j        ]\n",
      " [-1.79394328-2.23920724j -2.29124388-2.85993986j -2.29124388-2.85993986j\n",
      "   0.812828  +0.41796692j  0.        +0.j          0.        +0.j\n",
      "   0.        +0.j          3.17      +0.j        ]]\n",
      "[[-4.03      +0.j          0.        +0.j          0.        +0.j\n",
      "   0.        +0.j         -4.0107671 +1.87186448j -1.74533527+2.25007267j\n",
      "  -1.74533527+2.25007267j -1.74533527+2.25007267j]\n",
      " [ 0.        +0.j          3.17      +0.j          0.        +0.j\n",
      "   0.        +0.j          1.74533527-2.25007267j  0.84359308-0.39371319j\n",
      "  -2.2291612 +2.8738173j  -2.2291612 +2.8738173j ]\n",
      " [ 0.        +0.j          0.        +0.j          3.17      +0.j\n",
      "   0.        +0.j          1.74533527-2.25007267j -2.2291612 +2.8738173j\n",
      "   0.84359308-0.39371319j -2.2291612 +2.8738173j ]\n",
      " [ 0.        +0.j          0.        +0.j          0.        +0.j\n",
      "   3.17      +0.j          1.74533527-2.25007267j -2.2291612 +2.8738173j\n",
      "  -2.2291612 +2.8738173j   0.84359308-0.39371319j]\n",
      " [-4.0107671 -1.87186448j  1.74533527+2.25007267j  1.74533527+2.25007267j\n",
      "   1.74533527+2.25007267j -4.03      +0.j          0.        +0.j\n",
      "   0.        +0.j          0.        +0.j        ]\n",
      " [-1.74533527-2.25007267j  0.84359308+0.39371319j -2.2291612 -2.8738173j\n",
      "  -2.2291612 -2.8738173j   0.        +0.j          3.17      +0.j\n",
      "   0.        +0.j          0.        +0.j        ]\n",
      " [-1.74533527-2.25007267j -2.2291612 -2.8738173j   0.84359308+0.39371319j\n",
      "  -2.2291612 -2.8738173j   0.        +0.j          0.        +0.j\n",
      "   3.17      +0.j          0.        +0.j        ]\n",
      " [-1.74533527-2.25007267j -2.2291612 -2.8738173j  -2.2291612 -2.8738173j\n",
      "   0.84359308+0.39371319j  0.        +0.j          0.        +0.j\n",
      "   0.        +0.j          3.17      +0.j        ]]\n",
      "[[-4.03      +0.j          0.        +0.j          0.        +0.j\n",
      "   0.        +0.j         -4.15763959+1.75977233j -1.69514447+2.25772046j\n",
      "  -1.69514447+2.25772046j -1.69514447+2.25772046j]\n",
      " [ 0.        +0.j          3.17      +0.j          0.        +0.j\n",
      "   0.        +0.j          1.69514447-2.25772046j  0.87448508-0.37013662j\n",
      "  -2.16505697+2.88358514j -2.16505697+2.88358514j]\n",
      " [ 0.        +0.j          0.        +0.j          3.17      +0.j\n",
      "   0.        +0.j          1.69514447-2.25772046j -2.16505697+2.88358514j\n",
      "   0.87448508-0.37013662j -2.16505697+2.88358514j]\n",
      " [ 0.        +0.j          0.        +0.j          0.        +0.j\n",
      "   3.17      +0.j          1.69514447-2.25772046j -2.16505697+2.88358514j\n",
      "  -2.16505697+2.88358514j  0.87448508-0.37013662j]\n",
      " [-4.15763959-1.75977233j  1.69514447+2.25772046j  1.69514447+2.25772046j\n",
      "   1.69514447+2.25772046j -4.03      +0.j          0.        +0.j\n",
      "   0.        +0.j          0.        +0.j        ]\n",
      " [-1.69514447-2.25772046j  0.87448508+0.37013662j -2.16505697-2.88358514j\n",
      "  -2.16505697-2.88358514j  0.        +0.j          3.17      +0.j\n",
      "   0.        +0.j          0.        +0.j        ]\n",
      " [-1.69514447-2.25772046j -2.16505697-2.88358514j  0.87448508+0.37013662j\n",
      "  -2.16505697-2.88358514j  0.        +0.j          0.        +0.j\n",
      "   3.17      +0.j          0.        +0.j        ]\n",
      " [-1.69514447-2.25772046j -2.16505697-2.88358514j -2.16505697-2.88358514j\n",
      "   0.87448508+0.37013662j  0.        +0.j          0.        +0.j\n",
      "   0.        +0.j          3.17      +0.j        ]]\n",
      "[[-4.03      +0.j          0.        +0.j          0.        +0.j\n",
      "   0.        +0.j         -4.30490408+1.65099821j -1.64350996+2.2620974j\n",
      "  -1.64350996+2.2620974j  -1.64350996+2.2620974j ]\n",
      " [ 0.        +0.j          3.17      +0.j          0.        +0.j\n",
      "   0.        +0.j          1.64350996-2.2620974j   0.90545953-0.34725793j\n",
      "  -2.09910881+2.88917542j -2.09910881+2.88917542j]\n",
      " [ 0.        +0.j          0.        +0.j          3.17      +0.j\n",
      "   0.        +0.j          1.64350996-2.2620974j  -2.09910881+2.88917542j\n",
      "   0.90545953-0.34725793j -2.09910881+2.88917542j]\n",
      " [ 0.        +0.j          0.        +0.j          0.        +0.j\n",
      "   3.17      +0.j          1.64350996-2.2620974j  -2.09910881+2.88917542j\n",
      "  -2.09910881+2.88917542j  0.90545953-0.34725793j]\n",
      " [-4.30490408-1.65099821j  1.64350996+2.2620974j   1.64350996+2.2620974j\n",
      "   1.64350996+2.2620974j  -4.03      +0.j          0.        +0.j\n",
      "   0.        +0.j          0.        +0.j        ]\n",
      " [-1.64350996-2.2620974j   0.90545953+0.34725793j -2.09910881-2.88917542j\n",
      "  -2.09910881-2.88917542j  0.        +0.j          3.17      +0.j\n",
      "   0.        +0.j          0.        +0.j        ]\n",
      " [-1.64350996-2.2620974j  -2.09910881-2.88917542j  0.90545953+0.34725793j\n",
      "  -2.09910881-2.88917542j  0.        +0.j          0.        +0.j\n",
      "   3.17      +0.j          0.        +0.j        ]\n",
      " [-1.64350996-2.2620974j  -2.09910881-2.88917542j -2.09910881-2.88917542j\n",
      "   0.90545953+0.34725793j  0.        +0.j          0.        +0.j\n",
      "   0.        +0.j          3.17      +0.j        ]]\n",
      "[[-4.03      +0.j          0.        +0.j          0.        +0.j\n",
      "   0.        +0.j         -4.45234593+1.54563157j -1.59057347+2.26315713j\n",
      "  -1.59057347+2.26315713j -1.59057347+2.26315713j]\n",
      " [ 0.        +0.j          3.17      +0.j          0.        +0.j\n",
      "   0.        +0.j          1.59057347-2.26315713j  0.93647128-0.32509594j\n",
      "  -2.03149775+2.89052891j -2.03149775+2.89052891j]\n",
      " [ 0.        +0.j          0.        +0.j          3.17      +0.j\n",
      "   0.        +0.j          1.59057347-2.26315713j -2.03149775+2.89052891j\n",
      "   0.93647128-0.32509594j -2.03149775+2.89052891j]\n",
      " [ 0.        +0.j          0.        +0.j          0.        +0.j\n",
      "   3.17      +0.j          1.59057347-2.26315713j -2.03149775+2.89052891j\n",
      "  -2.03149775+2.89052891j  0.93647128-0.32509594j]\n",
      " [-4.45234593-1.54563157j  1.59057347+2.26315713j  1.59057347+2.26315713j\n",
      "   1.59057347+2.26315713j -4.03      +0.j          0.        +0.j\n",
      "   0.        +0.j          0.        +0.j        ]\n",
      " [-1.59057347-2.26315713j  0.93647128+0.32509594j -2.03149775-2.89052891j\n",
      "  -2.03149775-2.89052891j  0.        +0.j          3.17      +0.j\n",
      "   0.        +0.j          0.        +0.j        ]\n",
      " [-1.59057347-2.26315713j -2.03149775-2.89052891j  0.93647128+0.32509594j\n",
      "  -2.03149775-2.89052891j  0.        +0.j          0.        +0.j\n",
      "   3.17      +0.j          0.        +0.j        ]\n",
      " [-1.59057347-2.26315713j -2.03149775-2.89052891j -2.03149775-2.89052891j\n",
      "   0.93647128+0.32509594j  0.        +0.j          0.        +0.j\n",
      "   0.        +0.j          3.17      +0.j        ]]\n",
      "[[-4.03      +0.j          0.        +0.j          0.        +0.j\n",
      "   0.        +0.j         -4.59974766+1.44375258j -1.53647901+2.26086021j\n",
      "  -1.53647901+2.26086021j -1.53647901+2.26086021j]\n",
      " [ 0.        +0.j          3.17      +0.j          0.        +0.j\n",
      "   0.        +0.j          1.53647901-2.26086021j  0.9674746 -0.30366752j\n",
      "  -1.96240771+2.88759526j -1.96240771+2.88759526j]\n",
      " [ 0.        +0.j          0.        +0.j          3.17      +0.j\n",
      "   0.        +0.j          1.53647901-2.26086021j -1.96240771+2.88759526j\n",
      "   0.9674746 -0.30366752j -1.96240771+2.88759526j]\n",
      " [ 0.        +0.j          0.        +0.j          0.        +0.j\n",
      "   3.17      +0.j          1.53647901-2.26086021j -1.96240771+2.88759526j\n",
      "  -1.96240771+2.88759526j  0.9674746 -0.30366752j]\n",
      " [-4.59974766-1.44375258j  1.53647901+2.26086021j  1.53647901+2.26086021j\n",
      "   1.53647901+2.26086021j -4.03      +0.j          0.        +0.j\n",
      "   0.        +0.j          0.        +0.j        ]\n",
      " [-1.53647901-2.26086021j  0.9674746 +0.30366752j -1.96240771-2.88759526j\n",
      "  -1.96240771-2.88759526j  0.        +0.j          3.17      +0.j\n",
      "   0.        +0.j          0.        +0.j        ]\n",
      " [-1.53647901-2.26086021j -1.96240771-2.88759526j  0.9674746 +0.30366752j\n",
      "  -1.96240771-2.88759526j  0.        +0.j          0.        +0.j\n",
      "   3.17      +0.j          0.        +0.j        ]\n",
      " [-1.53647901-2.26086021j -1.96240771-2.88759526j -1.96240771-2.88759526j\n",
      "   0.9674746 +0.30366752j  0.        +0.j          0.        +0.j\n",
      "   0.        +0.j          3.17      +0.j        ]]\n",
      "[[-4.03      +0.j          0.        +0.j          0.        +0.j\n",
      "   0.        +0.j         -4.74688949+1.34543193j -1.4813726 +2.25517425j\n",
      "  -1.4813726 +2.25517425j -1.4813726 +2.25517425j]\n",
      " [ 0.        +0.j          3.17      +0.j          0.        +0.j\n",
      "   0.        +0.j          1.4813726 -2.25517425j  0.99842325-0.28298753j\n",
      "  -1.89202521+2.8803331j  -1.89202521+2.8803331j ]\n",
      " [ 0.        +0.j          0.        +0.j          3.17      +0.j\n",
      "   0.        +0.j          1.4813726 -2.25517425j -1.89202521+2.8803331j\n",
      "   0.99842325-0.28298753j -1.89202521+2.8803331j ]\n",
      " [ 0.        +0.j          0.        +0.j          0.        +0.j\n",
      "   3.17      +0.j          1.4813726 -2.25517425j -1.89202521+2.8803331j\n",
      "  -1.89202521+2.8803331j   0.99842325-0.28298753j]\n",
      " [-4.74688949-1.34543193j  1.4813726 +2.25517425j  1.4813726 +2.25517425j\n",
      "   1.4813726 +2.25517425j -4.03      +0.j          0.        +0.j\n",
      "   0.        +0.j          0.        +0.j        ]\n",
      " [-1.4813726 -2.25517425j  0.99842325+0.28298753j -1.89202521-2.8803331j\n",
      "  -1.89202521-2.8803331j   0.        +0.j          3.17      +0.j\n",
      "   0.        +0.j          0.        +0.j        ]\n",
      " [-1.4813726 -2.25517425j -1.89202521-2.8803331j   0.99842325+0.28298753j\n",
      "  -1.89202521-2.8803331j   0.        +0.j          0.        +0.j\n",
      "   3.17      +0.j          0.        +0.j        ]\n",
      " [-1.4813726 -2.25517425j -1.89202521-2.8803331j  -1.89202521-2.8803331j\n",
      "   0.99842325+0.28298753j  0.        +0.j          0.        +0.j\n",
      "   0.        +0.j          3.17      +0.j        ]]\n",
      "[[-4.03      +0.j          0.        +0.j          0.        +0.j\n",
      "   0.        +0.j         -4.89354973+1.25073075j -1.4254019 +2.246074j\n",
      "  -1.4254019 +2.246074j   -1.4254019 +2.246074j  ]\n",
      " [ 0.        +0.j          3.17      +0.j          0.        +0.j\n",
      "   0.        +0.j          1.4254019 -2.246074j    1.02927061-0.26306883j\n",
      "  -1.82053883+2.86871016j -1.82053883+2.86871016j]\n",
      " [ 0.        +0.j          0.        +0.j          3.17      +0.j\n",
      "   0.        +0.j          1.4254019 -2.246074j   -1.82053883+2.86871016j\n",
      "   1.02927061-0.26306883j -1.82053883+2.86871016j]\n",
      " [ 0.        +0.j          0.        +0.j          0.        +0.j\n",
      "   3.17      +0.j          1.4254019 -2.246074j   -1.82053883+2.86871016j\n",
      "  -1.82053883+2.86871016j  1.02927061-0.26306883j]\n",
      " [-4.89354973-1.25073075j  1.4254019 +2.246074j    1.4254019 +2.246074j\n",
      "   1.4254019 +2.246074j   -4.03      +0.j          0.        +0.j\n",
      "   0.        +0.j          0.        +0.j        ]\n",
      " [-1.4254019 -2.246074j    1.02927061+0.26306883j -1.82053883-2.86871016j\n",
      "  -1.82053883-2.86871016j  0.        +0.j          3.17      +0.j\n",
      "   0.        +0.j          0.        +0.j        ]\n",
      " [-1.4254019 -2.246074j   -1.82053883-2.86871016j  1.02927061+0.26306883j\n",
      "  -1.82053883-2.86871016j  0.        +0.j          0.        +0.j\n",
      "   3.17      +0.j          0.        +0.j        ]\n",
      " [-1.4254019 -2.246074j   -1.82053883-2.86871016j -1.82053883-2.86871016j\n",
      "   1.02927061+0.26306883j  0.        +0.j          0.        +0.j\n",
      "   0.        +0.j          3.17      +0.j        ]]\n",
      "[[-4.03      +0.j          0.        +0.j          0.        +0.j\n",
      "   0.        +0.j         -5.03950529+1.15970052j -1.36871591+2.23354137j\n",
      "  -1.36871591+2.23354137j -1.36871591+2.23354137j]\n",
      " [ 0.        +0.j          3.17      +0.j          0.        +0.j\n",
      "   0.        +0.j          1.36871591-2.23354137j  1.05996975-0.24392225j\n",
      "  -1.74813886+2.85270335j -1.74813886+2.85270335j]\n",
      " [ 0.        +0.j          0.        +0.j          3.17      +0.j\n",
      "   0.        +0.j          1.36871591-2.23354137j -1.74813886+2.85270335j\n",
      "   1.05996975-0.24392225j -1.74813886+2.85270335j]\n",
      " [ 0.        +0.j          0.        +0.j          0.        +0.j\n",
      "   3.17      +0.j          1.36871591-2.23354137j -1.74813886+2.85270335j\n",
      "  -1.74813886+2.85270335j  1.05996975-0.24392225j]\n",
      " [-5.03950529-1.15970052j  1.36871591+2.23354137j  1.36871591+2.23354137j\n",
      "   1.36871591+2.23354137j -4.03      +0.j          0.        +0.j\n",
      "   0.        +0.j          0.        +0.j        ]\n",
      " [-1.36871591-2.23354137j  1.05996975+0.24392225j -1.74813886-2.85270335j\n",
      "  -1.74813886-2.85270335j  0.        +0.j          3.17      +0.j\n",
      "   0.        +0.j          0.        +0.j        ]\n",
      " [-1.36871591-2.23354137j -1.74813886-2.85270335j  1.05996975+0.24392225j\n",
      "  -1.74813886-2.85270335j  0.        +0.j          0.        +0.j\n",
      "   3.17      +0.j          0.        +0.j        ]\n",
      " [-1.36871591-2.23354137j -1.74813886-2.85270335j -1.74813886-2.85270335j\n",
      "   1.05996975+0.24392225j  0.        +0.j          0.        +0.j\n",
      "   0.        +0.j          3.17      +0.j        ]]\n",
      "[[-4.03      +0.j          0.        +0.j          0.        +0.j\n",
      "   0.        +0.j         -5.18453214+1.07238295j -1.3114646 +2.21756552j\n",
      "  -1.3114646 +2.21756552j -1.3114646 +2.21756552j]\n",
      " [ 0.        +0.j          3.17      +0.j          0.        +0.j\n",
      "   0.        +0.j          1.3114646 -2.21756552j  1.09047355-0.22555656j\n",
      "  -1.67501686+2.83229883j -1.67501686+2.83229883j]\n",
      " [ 0.        +0.j          0.        +0.j          3.17      +0.j\n",
      "   0.        +0.j          1.3114646 -2.21756552j -1.67501686+2.83229883j\n",
      "   1.09047355-0.22555656j -1.67501686+2.83229883j]\n",
      " [ 0.        +0.j          0.        +0.j          0.        +0.j\n",
      "   3.17      +0.j          1.3114646 -2.21756552j -1.67501686+2.83229883j\n",
      "  -1.67501686+2.83229883j  1.09047355-0.22555656j]\n",
      " [-5.18453214-1.07238295j  1.3114646 +2.21756552j  1.3114646 +2.21756552j\n",
      "   1.3114646 +2.21756552j -4.03      +0.j          0.        +0.j\n",
      "   0.        +0.j          0.        +0.j        ]\n",
      " [-1.3114646 -2.21756552j  1.09047355+0.22555656j -1.67501686-2.83229883j\n",
      "  -1.67501686-2.83229883j  0.        +0.j          3.17      +0.j\n",
      "   0.        +0.j          0.        +0.j        ]\n",
      " [-1.3114646 -2.21756552j -1.67501686-2.83229883j  1.09047355+0.22555656j\n",
      "  -1.67501686-2.83229883j  0.        +0.j          0.        +0.j\n",
      "   3.17      +0.j          0.        +0.j        ]\n",
      " [-1.3114646 -2.21756552j -1.67501686-2.83229883j -1.67501686-2.83229883j\n",
      "   1.09047355+0.22555656j  0.        +0.j          0.        +0.j\n",
      "   0.        +0.j          3.17      +0.j        ]]\n",
      "[[-4.03      +0.j          0.        +0.j          0.        +0.j\n",
      "   0.        +0.j         -5.32840578+0.98880998j -1.25379857+2.19814289j\n",
      "  -1.25379857+2.19814289j -1.25379857+2.19814289j]\n",
      " [ 0.        +0.j          3.17      +0.j          0.        +0.j\n",
      "   0.        +0.j          1.25379857-2.19814289j  1.1207348 -0.20797848j\n",
      "  -1.60136518+2.80749203j -1.60136518+2.80749203j]\n",
      " [ 0.        +0.j          0.        +0.j          3.17      +0.j\n",
      "   0.        +0.j          1.25379857-2.19814289j -1.60136518+2.80749203j\n",
      "   1.1207348 -0.20797848j -1.60136518+2.80749203j]\n",
      " [ 0.        +0.j          0.        +0.j          0.        +0.j\n",
      "   3.17      +0.j          1.25379857-2.19814289j -1.60136518+2.80749203j\n",
      "  -1.60136518+2.80749203j  1.1207348 -0.20797848j]\n",
      " [-5.32840578-0.98880998j  1.25379857+2.19814289j  1.25379857+2.19814289j\n",
      "   1.25379857+2.19814289j -4.03      +0.j          0.        +0.j\n",
      "   0.        +0.j          0.        +0.j        ]\n",
      " [-1.25379857-2.19814289j  1.1207348 +0.20797848j -1.60136518-2.80749203j\n",
      "  -1.60136518-2.80749203j  0.        +0.j          3.17      +0.j\n",
      "   0.        +0.j          0.        +0.j        ]\n",
      " [-1.25379857-2.19814289j -1.60136518-2.80749203j  1.1207348 +0.20797848j\n",
      "  -1.60136518-2.80749203j  0.        +0.j          0.        +0.j\n",
      "   3.17      +0.j          0.        +0.j        ]\n",
      " [-1.25379857-2.19814289j -1.60136518-2.80749203j -1.60136518-2.80749203j\n",
      "   1.1207348 +0.20797848j  0.        +0.j          0.        +0.j\n",
      "   0.        +0.j          3.17      +0.j        ]]\n",
      "[[-4.03      +0.j          0.        +0.j          0.        +0.j\n",
      "   0.        +0.j         -5.47090171+0.9090037j  -1.19586876+2.17527719j\n",
      "  -1.19586876+2.17527719j -1.19586876+2.17527719j]\n",
      " [ 0.        +0.j          3.17      +0.j          0.        +0.j\n",
      "   0.        +0.j          1.19586876-2.17527719j  1.15070626-0.19119266j\n",
      "  -1.52737659+2.77828771j -1.52737659+2.77828771j]\n",
